-15 -27 54 62 -93 68 -28 13 -72 34 8 11 -18 70 86 -12 26 81 91 -100
32 -76 22 31 -98 -2 -1 -37 67 41 -29 -37 -9 -7 -21 -91 61 20 98 -97
-66 -72 100 0 -8 78 -52 13 64 5 75 -55 73 -31 74 4 -85 -72 -29 -44
-38 2 17 -4 79 42 30 19 -55 91 73 91 20 -61 -17 -62 58 88 68 68
32 -59 37 76 -30 90 -55 -57 98 -70 17 -45 0 53 -48 63 -54 -49 -69 -1
-5 -17 -21 34 -58 -19 -63 -96 -78 -13 49 90 -5 -62 -37 -25 -42 57 -14 -85
-97 -38 66 43 -1 -21 28 -44 -28 65 -77 -91 -65 -61 -11 53 -99 11 -88 -17
-53 66 -75 -86 9 39 30 95 -93 14 89 -88 -93 53 -56 -96 7 3 -24 50
-35 96 96 -99 50 -88 -5 -83 71 -76 94 -94 -17 -56 -82 -40 97 21 82 35
-50 99 -97 1 50 -5 48 -60 21 -58 73 40 44 -68 -16 29 8 -12 39 -50
-82 -52 -25 -2 14 32 36 90 74 65 -97 15 -35 -45 -80 -91 82 -11 -96 84
22 -77 -28 -26 69 -80 65 55 11 -34 -34 15 56 -66 45 35 -59 -47 20 73
29 -89 -29 40 -70 38 -42 42 13 -3 38 -15 1 -62 -77 95 -28 -81 -42 -78
86 9 -48 -79 48 -22 -11 -20 21 36 -41 47 -92 -7 50 -97 40 -22 -19 -3
56 -39 -100 75 -76 -56 2 -9 -40 -90 53 93 42 50 -66 91 87 16 46 40
12 68 -90 10 3 77 57 -33 -38 -13 85 23 -77 23 29 83 -12 -29 -52 69
-6 -93 -27 -26 -72 38 -90 82 -23 81 90 -58 81 17 89 -91 -11 -58 -52 -51
-6 -41 -14 -76 -56 41 46 -86 27 66 -43 -73 -21 56 88 2 -34 -18 -21 4
-91 -63 -95 -65 -73 28 65 70 33 -31 57 74 -48 -50 -1 87 87 -95 -95 51
54 4 95 13 -62 -59 -22 -11 -44 15 -16 -24 -86 77 69 64 -5 -44 32 -26
13 -13 -50 -19 23 28 21 -12 -39 -59 21 85 -55 -11 -94 47 51 -48 27 87
-32 -29 -45 -23 -59 25 -30 -18 83 2 31 77 -3 -83 16 -92 81 50 4 86
-78 -21 -64 -16 46 29 85 -65 -27 -88 -80 77 18 8 37 3 98 -71 87 79
23 -4 -39 -86 -18 51 88 -62 65 94 -46 47 -73 76 79 -50 -19 -3 70 63
70 31 91 5 89 -66 -16 45 -20 -97 -85 -29 12 89 94 68 14 24 -70 -93
-76 -59 -26 -24 -63 43 -27 -98 -77 -100 -84 -83 -90 11 57 99 32 -29 85 -47
-53 89 -29 -10 30 45 -71 73 35 -23 -47 -63 68 21 -20 80 -66 -87 -96 -76
96 87 -45 -78 16 75 46 -51 -18 -49 54 34 -94 66 -61 -54 -38 -27 -94 50
-17 53 -8 -52 84 21 64 82 -17 -1 -40 70 95 84 95 75 -58 -8 -23 -31
92 -97 -6 21 -17 51 59 91 82 -25 -73 18 0 -73 20 21 41 96 -48 46
-20 -45 14 -94 -28 83 -26 -85 44 65 65 24 -38 -60 -22 -19 -100 -66 89 93
-57 -90 -2 48 -12 0 -92 -21 -12 -24 40 86 60 -92 51 30 -41 -11 21 -67
-14 98 -99 71 68 88 14 -64 -14 -80 -40 27 45 -30 43 -64 -70 -75 26 10
95 38 38 79 5 17 72 9 84 70 -98 -32 88 29 25 -9 100 34 -23 85
26 0 52 58 45 44 -83 72 -51 26 17 33 55 69 45 -10 -56 -74 -31 12
2 -20 95 14 -79 40 -33 43 93 -52 -22 32 19 -69 -67 -35 76 -65 26 5
18 83 96 16 -60 -45 -20 11 7 42 33 -46 85 84 -89 -34 38 68 -26 -47
57 -42 56 65 71 -49 1 32 -80 44 71 46 -90 92 -53 -36 -74 0 -29 -39
-25 75 7 -57 47 33 32 42 -91 26 -78 83 -68 79 71 88 85 -31 -14 27
27 -85 -17 82 -26 -1 62 -40 -99 30 -50 -90 -34 48 39 6 -56 -16 -52 19
31 -79 -28 -5 71 39 59 78 87 -10 -51 -52 26 61 30 -28 -35 -26 0 -52
15 -56 42 7 -59 47 64 -4 -100 44 48 -37 -61 35 64 -5 -12 84 -46 -2
-84 90 2 -39 -50 72 31 -3 27 10 10 62 -45 11 8 -39 30 -87 81 37
-86 3 30 -54 15 -52 5 74 -64 -73 -94 -99 49 86 33 -56 -41 18 9 -99
-91 0 100 48 33 42 -90 44 -16 51 10 -44 18 75 1 -92 -57 -86 -95 86
32 81 0 90 72 -77 -18 -54 31 45 65 99 -72 -57 -92 20 86 51 96 3
89 29 -6 71 -40 -82 -15 34 34 -18 -74 31 91 -42 -60 2 44 39 -11 50
84 80 -45 78 -14 83 38 -23 -35 -46 75 75 -2 63 -8 -68 -6 -37 -58 -19
13 -34 -49 -100 -58 62 -42 68 92 4 70 -61 -94 53 21 -78 2 -12 -86 -24
96 29 -84 94 -54 76 57 -40 -25 -11 97 -44 -16 -85 -25 -73 62 -52 -83 -57
58 69 -15 83 66 50 81 -79 -54 76 -54 -43 90 11 52 -13 45 -27 69 47
-98 39 -37 44 -17 -95 47 -38 -52 -34 -34 19 19 37 50 81 47 -11 69 61
72 -44 34 54 -60 95 -25 -19 -41 56 37 34 -23 90 16 -8 26 26 72 16
90 -82 -56 69 23 58 57 -85 98 -74 87 -49 23 -30 30 81 68 6 -44 -43
-37 -23 -62 93 -80 67 -82 87 96 -82 -75 34 91 -36 -9 -44 -51 49 50 -3
67 -61 -26 66 20 -66 -23 83 72 -92 13 -9 68 53 83 -9 -100 40 -68 43
25 -27 78 90 99 22 -86 -84 -84 -76 -55 -20 41 -23 48 -27 -98 96 48 -20
-11 -89 -66 -93 -45 -33 57 -98 97 58 -78 -97 -40 -23 -72 -48 -33 -57 98 -8
56 64 37 -14 84 7 -43 -79 85 -98 -82 -88 -57 -17 -79 -83 72 46 32 -45
-24 64 -15 -43 -44 -14 -78 -65 59 -77 70 83 48 70 -35 66 -61 -66 -86 -23
-24 -87 -16 -30 82 74 73 -44 87 76 -50 -41 54 -16 57 -19 84 -8 88 7
-5 98 60 -13 21 -36 94 -48 16 -94 40 48 -6 58 -3 11 46 -93 16 -59
75 -48 17 -44 58 38 -29 48 -99 54 -65 14 57 -100 40 26 -58 36 -96 -24
-49 -25 -80 -5 76 -78 92 61 41 -2 -8 5 -83 -4 38 -38 -98 -61 -51 -72
14 -15 -89 18 -2 3 -16 18 -82 50 -30 -60 13 31 10 -58 50 -24 -24 -97
-93 87 11 -25 92 67 24 -28 42 13 92 -94 -97 55 -77 63 2 -61 82 -99
-66 44 -97 -6 -84 85 18 -55 1 51 11 36 -72 -35 68 6 -94 72 -44 22
75 -37 69 66 -79 39 -64 10 -14 91 46 -77 -9 5 -59 4 9 -69 80 -21
16 -39 37 -91 16 -46 -47 -4 97 -7 -47 86 -93 -52 -80 -32 85 -8 45 53
3 18 64 -85 -45 86 66 1 59 -18 -73 15 15 36 70 -76 93 -24 -45 74
48 -60 -79 -68 -63 30 66 -46 -44 -36 35 -91 92 59 -51 69 52 -77 -96 -30
37 65 -84 29 -61 77 -43 -76 -45 19 70 58 93 32 90 96 -5 64 12 58
92 5 95 -16 -60 58 -74 -79 34 96 -41 -91 74 -71 -50 8 -45 -42 -73 -73
81 -73 12 -62 -30 -20 42 -61 -54 90 32 -88 7 100 41 -70 49 72 -35 85
-69 -87 50 -18 -50 -53 -64 83 -81 34 -42 58 -84 74 -69 94 88 -62 21 84
-32 -91 -2 80 -45 -99 -73 -71 -32 36 29 27 -32 50 71 -64 93 -64 14 -62
-44 -12 -23 96 49 -85 -75 -68 -97 94 -36 78 75 51 -78 -5 -61 5 -23 -99
1 -68 -47 -60 71 -56 -28 -97 -25 -1 -88 -85 75 61 50 71 32 1 67 -6
25 -7 34 15 -66 -76 83 41 17 24 -2 54 -14 90 72 89 6 39 -70 35
84 -15 76 5 -49 -95 -10 28 -55 73 51 -99 -51 80 -1 -9 -36 19 94 -85
-64 -17 27 100 42 20 -12 88 -50 -1 -31 -98 -68 5 33 18 27 -59 -38 -17
-4 -91 36 -5 70 2 83 16 82 42 -11 -36 35 -51 -72 32 43 -19 -24 -34
-9 -7 -87 87 -87 -31 -45 -85 10 -97 95 -20 73 18 -82 -77 -72 -53 41 13
-10 -69 -37 33 -30 67 75 70 79 -2 75 -14 93 -52 73 -83 -23 93 12 -9
9 -87 -99 6 -68 90 -57 -96 -35 40 -49 2 76 95 14 -14 34 -5 -43 50
86 21 42 -41 -95 73 -98 -3 -6 -70 12 -64 83 68 -74 28 -94 -55 85 -14
-41 -93 -6 -59 96 -85 63 92 -20 76 -16 -55 -24 -16 38 44 85 -8 26 -58
-44 54 -25 -75 93 -28 -42 83 94 88 93 -49 -37 11 86 18 0 58 -33 58
-54 -41 89 38 -51 -49 43 -20 9 24 -44 -56 63 82 -43 22 36 84 -10 56
14 -55 -69 -32 37 12 -94 -25 36 -23 9 63 72 98 62 28 64 48 80 55
-82 62 59 -40 68 26 23 24 88 14 -26 -59 39 46 58 56 -69 -23 16 1
-15 31 -14 -28 28 76 77 99 -78 95 1 81 -54 -93 16 80 -80 32 56 72
78 63 -14 6 -11 -98 -14 -38 -72 -57 -82 85 40 -28 -38 -69 46 -23 -22 -92
-94 -15 86 -89 71 86 27 15 -68 25 38 22 -34 36 1 57 86 77 67 -47
76 89 -84 -9 68 -65 49 -60 -45 -45 51 13 -43 -45 52 34 -5 -11 -87 29
34 17 88 -98 -81 -74 -30 -100 -41 49 -66 -53 -72 -62 -96 89 90 83 -90 -82
71 -94 45 -9 70 -86 55 11 55 -8 -55 18 -18 -30 34 43 -23 10 -99 21
24 6 -3 -25 -8 12 20 16 17 -43 -24 49 -1 -69 -31 -73 97 -3 94 48
51 10 81 -32 4 -37 29 -9 58 -3 61 -9 25 4 -34 44 -15 -64 -83 -100
59 81 29 17 -3 42 -13 -74 -43 45 -89 -81 -32 7 16 -100 57 -27 28 93
54 62 68 70 86 81 91
67 41 61 98
100 78 64 75 73 74
79 42 91 73 91 58 88 68 68
76 90 98 53 63
49 90 57
66 43 65 53
66 95 89 53 50
96 96 50 71 94 97 82
99 50 48 73 44
90 74 65 82 84
69 65 55 56 45 73
42 95
86 48 47 50
56 75 53 93 42 50 91 87 46
68 77 57 85 83 69
82 81 90 81 89
41 46 66 56 88
65 70 57 74 87 87 51
54 95 77 69 64
85 47 51 87
83 77 81 50 86
46 85 77 98 87 79
51 88 65 94 47 76 79 70 63
70 91 89 45 89 94 68
43 57 99 85
89 45 73 68 80
96 87 75 46 54 66 50
53 84 64 82 70 95 84 95 75
92 51 59 91 82 41 96 46
83 44 65 65 89 93
48 86 60 51
98 71 68 88 45 43
95 79 72 84 70 88 100 85
52 58 45 44 72 55 69 45
95 43 93 76
83 96 42 85 84 68
57 56 65 71 44 71 46 92
75 47 42 83 79 71 88 85
82 62 48
71 59 78 87 61
42 47 64 44 48 64 84
90 72 62 81
74 49 86
100 48 42 44 51 75 86
81 90 72 45 65 99 86 51 96
89 71 91 44 50
84 80 78 83 75 75 63
62 68 92 70 53
96 94 76 57 97 62
58 69 83 66 50 81 76 90 52 45 69 47
44 47 50 81 47 69 61
72 54 95 56 90 72
90 69 58 57 98 87 81 68
93 67 87 96 91 49 50
67 66 83 72 68 53 83 43
78 90 99 41 48 96 48
57 97 58 98
56 64 84 85 72 46
64 59 70 83 48 70 66
82 74 73 87 76 54 57 84 88
98 60 94 48 58 46
75 58 48 54 57
76 92 61 41
50 50
87 92 67 42 92 55 63 82
44 85 51 68 72
75 69 66 91 46 80
97 86 85 45 53
64 86 66 59 70 93 74
48 66 92 59 69 52
65 77 70 58 93 90 96 64 58
92 95 58 96 74
81 42 90 100 41 49 72 85
50 83 58 74 94 88 84
80 50 71 93
96 49 94 78 75 51
71 75 61 50 71 67
83 41 54 90 72 89
84 76 73 51 80 94
100 42 88
70 83 82 42 43
87 95 73 41
67 75 70 79 75 93 73 93
90 76 95 50
86 42 73 83 68 85
96 63 92 76 44 85
54 93 83 94 88 93 86 58 58
89 43 63 82 84 56
63 72 98 62 64 48 80 55
62 59 68 88 46 58 56
76 77 99 95 81 80 56 72
78 63 85 46
86 71 86 57 86 77 67
76 89 68 49 51 52
88 49 89 90 83
71 45 70 55 55 43
49 97 94 48
51 81 58 61 44
59 81 42 45 57 93
